Example of Fraudulent Transaction Request
{
  "Time": 5000,
  "V1": -2.3122265423263,
  "V2": 1.95199201064142,
  "V3": -1.60985073229792,
  "V4": 3.9979055875468,
  "V5": -0.522187864667764,
  "V6": -1.42654531915544,
  "V7": -2.53738730624579,
  "V8": 1.39165724822242,
  "V9": -2.77008927779529,
  "V10": -2.77227214467803,
  "V11": 3.20203320709994,
  "V12": -2.89990738824397,
  "V13": -0.595221881324185,
  "V14": -4.28925378244238,
  "V15": -1.72471928638227,
  "V16": -1.92786884505502,
  "V17": -1.32909757135474,
  "V18": 0.393608591647132,
  "V19": 0.233809776745693,
  "V20": -0.108300452035545,
  "V21": 0.00527359678253453,
  "V22": -0.190320518742841,
  "V23": -1.17557533186321,
  "V24": 0.647376034602038,
  "V25": -0.221928844458407,
  "V26": 0.0627228487293033,
  "V27": 0.0614576285006353,
  "V28": -0.142382874811225,
  "Amount": 0.0
}


Example Prediction Request

{
  "Time": 1000,
  "V1": -1.3598071336738,
  "V2": -0.0727811733098497,
  "V3": 2.53634673796914,
  "V4": 1.37815522427443,
  "V5": -0.338320769942518,
  "V6": 0.462387777762292,
  "V7": 0.239598554061257,
  "V8": 0.0986979012610507,
  "V9": 0.363786969611213,
  "V10": 0.0907941719789316,
  "V11": -0.551599533260813,
  "V12": -0.617800855762348,
  "V13": -0.991389847235408,
  "V14": -0.311169353699879,
  "V15": 1.46817697209427,
  "V16": -0.470400525259478,
  "V17": 0.207971241929242,
  "V18": 0.0257905801985591,
  "V19": 0.403992960255733,
  "V20": 0.251412098239705,
  "V21": -0.018306777944153,
  "V22": 0.277837575558899,
  "V23": -0.110473910188767,
  "V24": 0.0669280749146731,
  "V25": 0.128539358273528,
  "V26": -0.189114843888824,
  "V27": 0.133558376740387,
  "V28": -0.0210530534538215,
  "Amount": 149.62
}
